Wavelength(nm), SC photons / PD electrons
350.0, 18876.700067547994
351.0, 19294.82893085436
352.0, 19408.116445785377
353.0, 19792.12426531463
354.0, 20156.041425120846
355.0, 20362.486332038447
356.0, 19880.56764296996
357.0, 20099.815600790607
358.0, 20137.377739109525
359.0, 20547.135054369694
360.0, 20703.238849536134
361.0, 20541.43864699985
362.0, 20870.228657925527
363.0, 20881.89636438873
364.0, 21185.57341501268
365.0, 21012.364203221747
366.0, 20562.864705904212
367.0, 20641.51602451986
368.0, 20580.887349106033
369.0, 20490.120043653933
370.0, 20472.047288526865
371.0, 20234.22819638986
372.0, 20111.37313846278
373.0, 20117.600917966964
374.0, 19844.9989521218
375.0, 19712.334979400726
376.0, 19312.83938506256
377.0, 19220.094997365566
378.0, 19076.59701952293
379.0, 18852.847444552393
380.0, 18813.277785267335
381.0, 18717.703144019924
382.0, 18657.15933064112
383.0, 18528.729382419235
384.0, 18607.139271641405
385.0, 18512.43106913884
386.0, 18462.007216577153
387.0, 18453.424577158636
388.0, 18381.87868292586
389.0, 18402.048899510828
390.0, 18449.854592677206
391.0, 18064.981188608985
392.0, 18088.961865813388
393.0, 18112.382703010142
394.0, 18047.92070907406
395.0, 17774.24153807655
396.0, 17582.219369558356
397.0, 17610.44169945465
398.0, 17529.795063322483
399.0, 17394.902177779208
400.0, 17340.744244644127
401.0, 17213.482928457113
402.0, 17161.7822111391
403.0, 17125.16256607914
404.0, 17035.909339055863
405.0, 16241.367172925378
406.0, 16065.527423954727
407.0, 16010.346024951672
408.0, 15839.915018793043
409.0, 15768.999046524259
410.0, 15434.29189424479
411.0, 15283.28287852649
412.0, 15270.017940708596
413.0, 15295.009884229285
414.0, 15099.1103536255
415.0, 14950.868754194493
416.0, 14763.912622149674
417.0, 14591.223317194044
418.0, 14375.520476937261
419.0, 14203.144665016876
420.0, 13764.755265575639
421.0, 13609.97724790246
422.0, 13503.877596899623
423.0, 13344.309641186259
424.0, 13204.471819177521
425.0, 13145.22527249859
426.0, 12912.539985882013
427.0, 12900.261719124992
428.0, 12890.715287349472
429.0, 12606.788182797407
430.0, 12443.250487858411
431.0, 12159.418171370986
432.0, 11998.218887605155
433.0, 11863.989408093035
434.0, 11773.680267337666
435.0, 11664.376234217098
436.0, 11483.124866414351
437.0, 11371.885543909853
438.0, 11262.52641763924
439.0, 11163.34693227443
440.0, 11024.88652655694
441.0, 10853.953760209266
442.0, 10802.293354215455
443.0, 10761.557359967395
444.0, 10711.086324942478
445.0, 10478.665295507044
446.0, 10438.332283846743
447.0, 10364.41257656161
448.0, 10298.12532932499
449.0, 10239.390424184376
450.0, 10194.372128611485
451.0, 10141.358783283724
452.0, 10094.171074840253
453.0, 10081.039746045464
454.0, 10051.681863422795
455.0, 10003.153843433549
456.0, 9893.788382292923
457.0, 9889.368349469718
458.0, 9869.45253032689
459.0, 9863.737340758445
460.0, 9797.883862046581
461.0, 9777.391738015238
462.0, 9764.523698642402
463.0, 9753.449893375262
464.0, 9719.206177667524
465.0, 9654.915729107755
466.0, 9615.39629320539
467.0, 9627.040667275782
468.0, 9606.582463498256
469.0, 9572.180674763487
470.0, 9537.875337429146
471.0, 9520.993021816908
472.0, 9473.426867183853
473.0, 9462.27594219968
474.0, 9432.739154066663
475.0, 9434.043325493283
476.0, 9407.126130420158
477.0, 9360.613231832169
478.0, 9327.34665127394
479.0, 9283.637875125054
480.0, 9224.944059750404
481.0, 9206.731217886527
482.0, 9202.063058124153
483.0, 9164.449156010822
484.0, 9144.21322684051
485.0, 9041.881203677012
486.0, 9047.518471677904
487.0, 9015.390184829968
488.0, 8958.8770603611
489.0, 8907.482319014862
490.0, 8879.489948933297
491.0, 8822.649227179585
492.0, 8792.951704653931
494.0, 8770.76251319602
495.0, 8712.637818351162
496.0, 8623.455402853211
497.0, 8596.967663303409
498.0, 8512.865741753661
499.0, 8470.845500606116
500.0, 8471.827106384844
501.0, 8398.944953763314
502.0, 8398.431521790832
503.0, 8326.220678768628
504.0, 8251.92873057465
505.0, 8267.153537674629
506.0, 8190.549892045138
507.0, 8131.954380233154
508.0, 8107.873822967075
509.0, 8064.765578810017
510.0, 8021.454494616384
511.0, 7933.404921444151
512.0, 7915.15105978919
513.0, 7865.369471172944
515.0, 7775.53016209574
516.0, 7757.073964460535
517.0, 7687.048140974762
518.0, 7667.093810938635
519.0, 7621.418892474526
520.0, 7603.039429212639
521.0, 7563.126925642994
522.0, 7517.227873355313
523.0, 7484.667200450342
524.0, 7422.693756316993
525.0, 7381.79135451029
526.0, 7352.118683951035
527.0, 7288.424608651442
528.0, 7258.305567298841
529.0, 7207.650137645423
530.0, 7221.787102287178
531.0, 7145.399397304641
532.0, 7070.621635140067
533.0, 7108.409042734732
534.0, 7095.539293820527
536.0, 7037.913638632713
537.0, 6965.125757738074
538.0, 7016.042679330928
539.0, 6896.80173407532
540.0, 6961.4717609922445
541.0, 6903.609673209033
542.0, 6881.668430686047
543.0, 6845.879157651291
544.0, 6785.373662257936
545.0, 6806.295771431608
546.0, 6761.424892142398
547.0, 6729.887562293154
548.0, 6728.552914760755
549.0, 6689.801536727733
550.0, 6635.156422120713
551.0, 6618.41994812102
552.0, 6651.324044222316
553.0, 6568.884983062388
554.0, 6550.04880939297
555.0, 6590.825756272952
556.0, 6524.644844047524
557.0, 6518.851446726396
558.0, 6462.431458001763
559.0, 6466.428607069982
560.0, 6422.499953418511
561.0, 6455.973850912932
562.0, 6414.0203610692715
563.0, 6398.302114190979
564.0, 6393.226682534059
565.0, 6438.955037890001
566.0, 6358.926952319981
567.0, 6400.239093660618
568.0, 6313.873995061116
569.0, 6289.4486097021545
570.0, 6300.653334258301
571.0, 6298.783020353983
572.0, 6281.716314534064
573.0, 6294.50896534487
574.0, 6276.578121472453
575.0, 6263.070218041433
576.0, 6311.420644976119
577.0, 6252.718462972249
578.0, 6208.783249420242
579.0, 6221.594710331042
580.0, 6167.668059095964
581.0, 6195.378638854572
582.0, 6183.491059063603
583.0, 6174.793688463418
584.0, 6145.637235470277
585.0, 6108.785423476045
586.0, 6090.225286835461
587.0, 6115.071125275185
588.0, 6098.48721792253
589.0, 6050.973548060627
590.0, 6066.158976583529
591.0, 6000.280589190222
592.0, 6040.508256393396
593.0, 6019.648623149981
594.0, 5995.719793733644
595.0, 5911.100979446867
596.0, 5913.677331630504
597.0, 5886.942418358378
598.0, 5873.39529584155
599.0, 5854.71119945255
600.0, 5836.3706485446355
601.0, 5814.3307278585735
602.0, 5852.414276316972
603.0, 5770.24747327957
604.0, 5841.925317687941
605.0, 5746.68162207138
606.0, 5749.507763449342
607.0, 5749.748473063099
608.0, 5720.635321066681
609.0, 5650.777680777254
610.0, 5649.975675374529
611.0, 5673.608266971456
612.0, 5611.097327146481
613.0, 5608.260063046417
614.0, 5551.899594418236
615.0, 5603.181500210246
616.0, 5506.375503924196
617.0, 5553.691522259769
618.0, 5544.584028590201
619.0, 5478.51759453687
620.0, 5464.168706908138
621.0, 5423.907016185211
622.0, 5410.245111265568
623.0, 5405.091294678315
624.0, 5387.445236218899
625.0, 5374.921708254611
626.0, 5386.085876632489
627.0, 5352.443685163033
628.0, 5288.868796066703
629.0, 5329.045204474406
630.0, 5239.992464331098
631.0, 5275.261371980545
632.0, 5265.118910888812
633.0, 5279.897799119602
634.0, 5222.814095984833
635.0, 5226.353926809189
636.0, 5204.866405518157
637.0, 5168.996409845223
638.0, 5123.572003340968
640.0, 5079.022779969557
641.0, 5120.526198051325
642.0, 5114.455033192691
643.0, 5067.374419481989
644.0, 5080.719726328974
645.0, 5068.231006289506
646.0, 5028.1889697549
647.0, 4989.150750605082
648.0, 5031.7146294662825
649.0, 4966.292035691407
650.0, 4908.168126064597
651.0, 4885.243544131612
653.0, 4880.488571862847
654.0, 4905.142540202127
655.0, 4828.759361141402
656.0, 4814.823209582896
657.0, 4717.783749321911
658.0, 4780.825401704063
659.0, 4742.570200374063
660.0, 4735.415747631883
661.0, 4716.945895710299
662.0, 4684.773004174857
663.0, 4705.909053811948
664.0, 4741.008953709411
665.0, 4652.19203870563
666.0, 4644.616885962021
667.0, 4619.6581740963065
668.0, 4634.193764831863
669.0, 4622.719726792874
670.0, 4609.684472020661
671.0, 4567.260790022566
672.0, 4494.620679425354
673.0, 4441.739990157258
674.0, 4346.973080936621
675.0, 4224.272403300987
676.0, 4146.186156302191
677.0, 4051.442697531693
678.0, 3913.5017682755356
679.0, 3812.4363031153007
680.0, 3707.3819847257437
681.0, 3640.053589165476
682.0, 3665.1137162069244
683.0, 3926.692343313207
684.0, 4245.389630301441
685.0, 4198.296858656717
686.0, 4145.059621986739
687.0, 4113.817841201721
688.0, 4148.715269179081
689.0, 4117.738354945947
690.0, 3989.5666922350642
691.0, 3911.9243753324135
692.0, 3834.136479136105
693.0, 3826.2519699575473
694.0, 3735.947440393459
695.0, 3606.7048583161663
696.0, 3540.2604276128986
697.0, 3493.636980834251
698.0, 3412.610070876322
699.0, 3346.026783152068
700.0, 3281.3826003025106
701.0, 3244.418647890301
702.0, 3214.5799005464564
703.0, 3121.8048949375425
704.0, 3139.3676216723557
705.0, 3135.745480694395
706.0, 3109.908348606077
707.0, 3113.054322095461
708.0, 3097.972296935728
709.0, 3086.2557114584497
710.0, 3109.2485979991316
711.0, 3093.0220167834223
712.0, 3129.365130400398
713.0, 3126.1361364259324
714.0, 3152.4303789063088
715.0, 3156.5864774985826
716.0, 3126.1674528061326
717.0, 3147.752783925742
718.0, 3114.496455763142
719.0, 3113.5975818319284
720.0, 3125.26164583253
721.0, 3125.477056939761
722.0, 3120.43686625643
723.0, 3105.7317256471924
725.0, 3106.2149573952665
726.0, 3098.660035566601
727.0, 3094.28804473033
729.0, 3066.1737270730187
730.0, 3076.316526317032
731.0, 3040.367346800099
732.0, 3007.3695850927948
733.0, 2994.8446779797437
734.0, 2974.0445644020015
735.0, 2962.748144946391
736.0, 2953.0598495274403
737.0, 2948.589672880513
738.0, 2940.265086961166
739.0, 2950.205540854227
740.0, 2949.620091634505
741.0, 2954.3948095516703
742.0, 2953.7102909021114
743.0, 2959.265295206979
744.0, 2950.1006532946403
745.0, 2949.392467453105
746.0, 2948.437375628446
747.0, 2937.3829823075257
748.0, 2946.899669894261
749.0, 2943.077830462492
750.0, 2949.551697565598
751.0, 2944.854229841594
752.0, 2942.2232404130204
753.0, 2974.8026988961615
754.0, 2961.313050865185
755.0, 2984.928487705525
756.0, 2982.0812950889635
757.0, 2993.532991622959
758.0, 2994.871832272482
759.0, 2986.45527961138
760.0, 2999.2550997087897
761.0, 2997.4319448366177
763.0, 3010.1435539436475
764.0, 3020.3253815306643
765.0, 3019.395599847699
767.0, 3041.8868050639367
768.0, 3058.272395564296
769.0, 3067.312757797018
770.0, 3079.5308048719726
771.0, 3091.160281956737
772.0, 3104.6288279807736
773.0, 3098.1809068105695
774.0, 3106.0192227653215
775.0, 3099.891302646287
776.0, 3112.873504508162
777.0, 3108.568040315105
778.0, 3109.0860687590985
779.0, 3108.381421427015
780.0, 3116.176922483135
781.0, 3110.6899685370204
782.0, 3117.080714583773
783.0, 3109.7034198407587
784.0, 3115.133566959002
785.0, 3107.045061984337
786.0, 3110.4171799097744
788.0, 3098.5355083350332
789.0, 3104.8902229904443
790.0, 3082.4778025184037
791.0, 3079.79390920414
792.0, 3069.7938012308045
793.0, 3065.4143739307424
794.0, 3060.0795132917337
795.0, 3051.477107155102
797.0, 3041.1426920805957
798.0, 3043.8188904988697
799.0, 3028.799016577903
800.0, 3014.0747355172775
801.0, 3007.468201079269
802.0, 2988.3405103163664
803.0, 2978.116052894911
804.0, 2980.018795210411
805.0, 2965.53059399933
806.0, 2955.7950253047197
807.0, 2946.836849207867
808.0, 2934.2810507041445
809.0, 2929.1726093001284
810.0, 2919.346855756974
811.0, 2915.872762900453
812.0, 2913.127564425503
813.0, 2906.682057358527
814.0, 2915.769976228063
815.0, 2902.6427783471554
816.0, 2877.747942117968
817.0, 2879.742460113687
818.0, 2866.6044933481785
819.0, 2864.6926084913903
820.0, 2856.193912933882
821.0, 2859.797028198003
822.0, 2852.829598393087
823.0, 2856.2996381521266
824.0, 2846.340162527606
825.0, 2850.8068021491626
826.0, 2840.778605791558
827.0, 2836.281951245963
828.0, 2843.1917571369813
829.0, 2832.8813689516287
830.0, 2840.9041572110714
831.0, 2831.594148049153
832.0, 2823.480145213258
833.0, 2829.050362011787
834.0, 2851.5114967866843
835.0, 2831.530870706215
836.0, 2840.863704020525
837.0, 2849.230097161175
838.0, 2830.8545726854854
839.0, 2818.765757765239
840.0, 2853.013306199168
841.0, 2860.673833830687
842.0, 2843.4348443374442
843.0, 2842.318854968113
844.0, 2835.476090087621
845.0, 2848.2356831058696
846.0, 2856.6442802659367
847.0, 2856.993312073928
848.0, 2861.644221878322
849.0, 2881.8977654291607
850.0, 2916.6607642976505
851.0, 2951.514006527605
852.0, 2994.444075106255
853.0, 3084.144602049632
854.0, 3125.223694668249
856.0, 3424.242675551769
857.0, 3336.406329168671
858.0, 3240.8350824605204
859.0, 3114.8910378934047
860.0, 3025.9846603034152
861.0, 2972.9800460543215
862.0, 2943.0835469956123
863.0, 2946.5539109884394
864.0, 2944.4922763031536
865.0, 2946.4774044181922
866.0, 2950.5348475316628
867.0, 2964.925968778626
868.0, 2973.43883584276
869.0, 2974.2418779089867
870.0, 2982.2725543816496
871.0, 3002.9225338896995
873.0, 3000.544969428942
874.0, 3000.840170987608
875.0, 3007.345200352905
876.0, 3015.450768795194
877.0, 3023.810289636908
878.0, 3019.476249360474
879.0, 3031.4230307263138
880.0, 3037.4103536800167
881.0, 3046.853807451515
882.0, 3049.0065651786567
883.0, 3049.356372095519
884.0, 3055.5664289732736
885.0, 3058.211111948199
886.0, 3073.789117904569
887.0, 3068.2683338518373
888.0, 3085.810121173161
889.0, 3076.3793523753898
890.0, 3067.5809981252296
891.0, 3065.535022391333
892.0, 3067.6269634571995
893.0, 3068.689931363801
894.0, 3057.661062299866
895.0, 3061.470080049464
896.0, 3074.7329791026937
897.0, 3071.8163259751927
898.0, 3071.6864622422054
899.0, 3071.1116111759084
900.0, 3092.6141986701246
901.0, 3094.8686596169046
902.0, 3097.381213290474
903.0, 3103.8287229154553
904.0, 3119.9918108327997
905.0, 3118.566958654494
906.0, 3122.476832319327
907.0, 3129.857924413982
908.0, 3132.731813717369
909.0, 3142.0934373749033
911.0, 3159.040658882316
912.0, 3163.1160406493814
913.0, 3164.1341352873987
914.0, 3178.892787203683
915.0, 3192.9985798200023
916.0, 3199.326196438224
917.0, 3205.65551897339
918.0, 3200.757167175587
919.0, 3219.7039808204636
920.0, 3231.0790251171243
921.0, 3257.6071929427044
922.0, 3268.4220345939
923.0, 3265.951436575708
924.0, 3255.89339518438
925.0, 3280.631444227741
926.0, 3288.445746866014
927.0, 3306.3489265745966
928.0, 3312.381128296756
929.0, 3318.9950061586746
930.0, 3326.8326102618607
931.0, 3330.856519660728
932.0, 3336.627486285147
933.0, 3346.0666474425175
934.0, 3365.4427275842895
935.0, 3373.2278839681017
936.0, 3394.0735600050457
937.0, 3404.9636271898103
938.0, 3410.231127967427
939.0, 3420.0012236137136
940.0, 3449.115220019847
941.0, 3473.120279353412
942.0, 3499.024357540386
943.0, 3521.846350056739
944.0, 3539.682385875201
945.0, 3548.067155879084
946.0, 3573.690605484653
947.0, 3587.320919236617
948.0, 3610.819642298287
949.0, 3599.670009459756
950.0, 3635.0673657231237
951.0, 3659.5535240143618
953.0, 3687.039322299151
954.0, 3710.3314268419717
955.0, 3731.078997643847
956.0, 3754.2154765105965
957.0, 3773.079655081262
958.0, 3775.8493662129745
959.0, 3797.4099661039504
960.0, 3807.707237083466
961.0, 3848.6333994253905
962.0, 3876.2532513624938
963.0, 3897.6368287031114
964.0, 3912.000353604645
965.0, 3936.59085459174
966.0, 3944.265672765886
967.0, 3970.6066428693857
968.0, 3986.0755267067775
969.0, 4024.5000637453427
970.0, 4025.090130299543
971.0, 4075.3700766602396
972.0, 4089.697378946375
974.0, 4118.275930707003
975.0, 4183.871531116947
976.0, 4235.258417967732
977.0, 4258.664191307762
978.0, 4275.794749170329
979.0, 4277.74059071994
980.0, 4316.355586626664
981.0, 4407.4022717632715
982.0, 4424.291050615973
983.0, 4447.042250851618
984.0, 4462.106756499083
985.0, 4529.521147528397
986.0, 4603.93594762905
987.0, 4647.051689736997
988.0, 4657.411004083081
989.0, 4695.0325056761485
990.0, 4729.895321018257
991.0, 4873.549309400351
992.0, 4893.814218413118
993.0, 4939.8071182803205
994.0, 4929.427358892538
995.0, 4936.793774385385
996.0, 5048.600163864913
997.0, 5051.981103934043
998.0, 5050.148763496402
1000.0, 5147.490700772295
1001.0, 5179.936853202567
1002.0, 5199.900842039085
1003.0, 5221.512634672839
1004.0, 5232.794438040261
1005.0, 5305.467529652818
1006.0, 5349.218740798497
1007.0, 5351.708979721748
1008.0, 5369.941915162538
1009.0, 5404.790492530527
1010.0, 5531.885300221418
1012.0, 5553.381155560503
1013.0, 5582.238533454759
1014.0, 5599.8891039434175
1015.0, 5684.086587668993
1016.0, 5685.2367599796935
1017.0, 5712.5097965621735
1018.0, 5750.810679989871
1019.0, 5757.726480245845
1020.0, 5856.509805892643
1021.0, 5883.302660089735
1022.0, 5918.9831935533375
1023.0, 5936.710289397851
1024.0, 5994.115138692634
1025.0, 6113.8202917158105
1026.0, 6197.987807825201
1027.0, 6221.533441037265
1028.0, 6262.0287600475
1029.0, 6364.560228017098
1030.0, 6482.532581288212
1031.0, 6545.079256534751
1032.0, 6647.148807146873
1033.0, 6757.2556727693545
1034.0, 6874.453741570133
1035.0, 7029.77509599506
1036.0, 7110.20217563051
1037.0, 7240.862471788463
1038.0, 7342.951458472816
1039.0, 7484.887824198098
1040.0, 7787.010474316814
1041.0, 7895.532127654493
1042.0, 8000.430424369028
1043.0, 8170.623150690201
1044.0, 8258.000270077508
1045.0, 8545.865101907262
1046.0, 8713.544914434136
1047.0, 8804.633475845923
1048.0, 8937.420371839184
1049.0, 9058.931394105499
