Wavelength (nm), QE (unitless)
360.0, 0.6153240779496503
365.0, 0.6424388281720353
410.0, 0.8945875058292282
465.0, 0.9454455556641046
495.0, 0.9513857413830563
510.0, 0.9539647156920523
515.0, 0.9552581202224896
590.0, 0.9643333454875724
610.0, 0.9656684178215571
660.0, 0.9641950584511075
800.0, 0.9436858943746621
840.0, 0.9362521119824441
870.0, 0.9279460932924676
880.0, 0.9273268110439482
895.0, 0.9194860481864543
905.0, 0.9145695880833925
955.0, 0.8778873002352643
965.0, 0.8626928167039298
1045.0, 0.5947356973075139
1050.0, 0.5621181870137247
350.0, 0.597131644074124
390.0, 0.8267800584016078
395.0, 0.84786883114953
400.0, 0.8642239683359478
420.0, 0.9109789560937152
500.0, 0.9515236168408302
505.0, 0.9519986615830428
535.0, 0.9597680919632873
580.0, 0.9630825314181038
675.0, 0.9680352748325587
690.0, 0.9607452910354817
865.0, 0.9318049514976182
905.0, 0.9196388161401362
930.0, 0.902614451804672
1000.0, 0.7937503349060121
360.0, 0.6095610898007765
400.0, 0.8748850641757345
410.0, 0.8910697174770131
485.0, 0.9666961440327589
540.0, 0.967095198271042
545.0, 0.9597240190407922
550.0, 0.9653644244678805
595.0, 0.9611147391118686
610.0, 0.9635587514577776
630.0, 0.9685928123988361
660.0, 0.960251746266758
670.0, 0.9635190600720968
695.0, 0.9629047587339724
750.0, 0.9529934169514694
790.0, 0.9460073931382884
800.0, 0.9436039627907034
840.0, 0.937879119295882
865.0, 0.9303897491487982
875.0, 0.9283585585395688
890.0, 0.9149620849947413
900.0, 0.9216440669254221
920.0, 0.9104291683011098
960.0, 0.8687584708715856
980.0, 0.8405600753111836
1015.0, 0.7472519121634983
1030.0, 0.6787202966096747
360.0, 0.6063597705241485
400.0, 0.8691864669466144
420.0, 0.9147392625008309
480.0, 0.9528248463226211
485.0, 0.9516421859045558
490.0, 0.9530902096329568
495.0, 0.9556282868581549
500.0, 0.9524128279282555
530.0, 0.9579194745014485
550.0, 0.959640633951726
555.0, 0.9604574632568691
585.0, 0.9682840756371561
600.0, 0.9655049464156555
610.0, 0.9628600476950179
630.0, 0.964677701143775
680.0, 0.9608249084340892
755.0, 0.9490555643790685
765.0, 0.9490403756086481
830.0, 0.9377521274259903
860.0, 0.930399981969308
895.0, 0.921300153101865
930.0, 0.9011659377552542
935.0, 0.8954404732918698
955.0, 0.8775531936537545
1000.0, 0.7893142225713652
360.0, 0.6237470343555667
400.0, 0.8763728882993062
440.0, 0.931307721149508
445.0, 0.9342087128417844
495.0, 0.9549359456899449
550.0, 0.95908384135209
585.0, 0.9648642443429383
605.0, 0.9640178166053321
610.0, 0.965228236086186
655.0, 0.9618734476611049
780.0, 0.9482572395371449
800.0, 0.9436725755691502
810.0, 0.9396441567791586
845.0, 0.9373287190105672
870.0, 0.9276584114174252
885.0, 0.9233914957900526
890.0, 0.9191767756714289
925.0, 0.9075059861947399
965.0, 0.8674075445668177
980.0, 0.8425474175203223
985.0, 0.8274690927885952
990.0, 0.8137345375446312
995.0, 0.805788117983488
1030.0, 0.6799168702669425
350.0, 0.6364491528124336
410.0, 0.8926120165380259
430.0, 0.9279259594238756
465.0, 0.9437045154433804
525.0, 0.9561798474373407
530.0, 0.9595170057583803
535.0, 0.9587857670100777
545.0, 0.9600131030530349
550.0, 0.9619481268860219
560.0, 0.9639692909363057
570.0, 0.964781712973595
575.0, 0.964225013767522
585.0, 0.966040070751615
595.0, 0.9661609096610437
605.0, 0.9670661865135105
660.0, 0.9612653436344222
670.0, 0.9648326207439347
730.0, 0.9607645263714516
750.0, 0.9547125644485136
760.0, 0.9543591406067522
775.0, 0.9488873760264462
820.0, 0.9414465179380409
830.0, 0.9387325441297473
850.0, 0.9318052039213816
910.0, 0.911446883682115
940.0, 0.8896440654706892
955.0, 0.87407720841813
975.0, 0.849872017513317
1005.0, 0.7844205469120062
1035.0, 0.6553539497550388
1045.0, 0.6000069874629183
415.0, 0.90333771261876
420.0, 0.9081522859330605
425.0, 0.9227383587482265
430.0, 0.9228566109658869
445.0, 0.9347453926396555
485.0, 0.9498680803366738
520.0, 0.95494035726559
525.0, 0.9557070479977275
555.0, 0.9625937332071901
565.0, 0.965180717661146
625.0, 0.9595065332576741
660.0, 0.9699608368160332
665.0, 0.9615912211848421
675.0, 0.9635591209110317
690.0, 0.9637033992107829
710.0, 0.9642496200037534
720.0, 0.9558103383188298
730.0, 0.9601903915786789
735.0, 0.9592313953998228
800.0, 0.9469415917502368
825.0, 0.9359667741207819
855.0, 0.9322924676621306
860.0, 0.9320444772405748
875.0, 0.9275501168011864
920.0, 0.9113614942409406
940.0, 0.8912008336571791
945.0, 0.8869839736250279
970.0, 0.8613153608100989
975.0, 0.8482700855210762
995.0, 0.809107397273134
1040.0, 0.6245349374844731
1045.0, 0.7051929003606431
375.0, 0.7255557578852047
795.0, 0.9450638247008911
840.0, 0.9348057106741453
960.0, 0.8773707934549199
1010.0, 0.7627727924272903
1045.0, 0.5940474232329437
375.0, 0.7104372542762819
445.0, 0.9334421335906858
580.0, 0.961353918228824
585.0, 0.9654563198865774
605.0, 0.9629150770436833
670.0, 0.9623747327801375
690.0, 0.9652127610719183
700.0, 0.959702421914086
735.0, 0.9580457405562076
745.0, 0.9560176661091477
785.0, 0.9473454688297269
880.0, 0.9243468568277331
890.0, 0.9212341787306271
900.0, 0.9181769749815714
930.0, 0.9006021694468771
940.0, 0.8781298928844217
965.0, 0.8629894622870141
995.0, 0.7932898755053143
1015.0, 0.7438333821616987
1025.0, 0.696918110814768
1035.0, 0.6389720043547008
1045.0, 0.5902336531934577
1050.0, 0.5541926279712862
